/* table.h
 *
 * tables for multiplication and division of polynomials
 */
#include <stdio.h>

#include "shade.h"

UBYTE mul4_tab[257] = {
  0,   0,   0,   0,   0,   0,   0,   0,   0,   0,   0,   0,   0,   0,   0,   0,
  0,   1,   2,   3,   4,   5,   6,   7,   8,   9,  10,  11,  12,  13,  14,  15,
  0,   2,   4,   6,   8,  10,  12,  14,  16,  18,  20,  22,  24,  26,  28,  30,
  0,   3,   6,   5,  12,  15,  10,   9,  24,  27,  30,  29,  20,  23,  18,  17,
  0,   4,   8,  12,  16,  20,  24,  28,  32,  36,  40,  44,  48,  52,  56,  60,
  0,   5,  10,  15,  20,  17,  30,  27,  40,  45,  34,  39,  60,  57,  54,  51,
  0,   6,  12,  10,  24,  30,  20,  18,  48,  54,  60,  58,  40,  46,  36,  34,
  0,   7,  14,   9,  28,  27,  18,  21,  56,  63,  54,  49,  36,  35,  42,  45,
  0,   8,  16,  24,  32,  40,  48,  56,  64,  72,  80,  88,  96, 104, 112, 120,
  0,   9,  18,  27,  36,  45,  54,  63,  72,  65,  90,  83, 108, 101, 126, 119,
  0,  10,  20,  30,  40,  34,  60,  54,  80,  90,  68,  78, 120, 114, 108, 102,
  0,  11,  22,  29,  44,  39,  58,  49,  88,  83,  78,  69, 116, 127,  98, 105,
  0,  12,  24,  20,  48,  60,  40,  36,  96, 108, 120, 116,  80,  92,  72,  68,
  0,  13,  26,  23,  52,  57,  46,  35, 104, 101, 114, 127,  92,  81,  70,  75,
  0,  14,  28,  18,  56,  54,  36,  42, 112, 126, 108,  98,  72,  70,  84,  90,
  0,  15,  30,  17,  60,  51,  34,  45, 120, 119, 102, 105,  68,  75,  90,  85};

UBYTE shft_tab[256] = {
  0,   8,   7,   7,   6,   6,   6,   6,   5,   5,   5,   5,   5,   5,   5,   5,
  4,   4,   4,   4,   4,   4,   4,   4,   4,   4,   4,   4,   4,   4,   4,   4,
  3,   3,   3,   3,   3,   3,   3,   3,   3,   3,   3,   3,   3,   3,   3,   3,
  3,   3,   3,   3,   3,   3,   3,   3,   3,   3,   3,   3,   3,   3,   3,   3,
  2,   2,   2,   2,   2,   2,   2,   2,   2,   2,   2,   2,   2,   2,   2,   2,
  2,   2,   2,   2,   2,   2,   2,   2,   2,   2,   2,   2,   2,   2,   2,   2,
  2,   2,   2,   2,   2,   2,   2,   2,   2,   2,   2,   2,   2,   2,   2,   2,
  2,   2,   2,   2,   2,   2,   2,   2,   2,   2,   2,   2,   2,   2,   2,   2,
  1,   1,   1,   1,   1,   1,   1,   1,   1,   1,   1,   1,   1,   1,   1,   1,
  1,   1,   1,   1,   1,   1,   1,   1,   1,   1,   1,   1,   1,   1,   1,   1,
  1,   1,   1,   1,   1,   1,   1,   1,   1,   1,   1,   1,   1,   1,   1,   1,
  1,   1,   1,   1,   1,   1,   1,   1,   1,   1,   1,   1,   1,   1,   1,   1,
  1,   1,   1,   1,   1,   1,   1,   1,   1,   1,   1,   1,   1,   1,   1,   1,
  1,   1,   1,   1,   1,   1,   1,   1,   1,   1,   1,   1,   1,   1,   1,   1,
  1,   1,   1,   1,   1,   1,   1,   1,   1,   1,   1,   1,   1,   1,   1,   1,
  1,   1,   1,   1,   1,   1,   1,   1,   1,   1,   1,   1,   1,   1,   1,   1};

UBYTE inv8_tab[257] = {
  0,   1,   2,   3,   4,   5,   6,   7,   8,   9,  10,  11,  12,  13,  14,  15,
 17,  16,  19,  18,  21,  20,  23,  22,  25,  24,  27,  26,  29,  28,  31,  30,
 36,  37,  38,  39,  32,  33,  34,  35,  44,  45,  46,  47,  40,  41,  42,  43,
 53,  52,  55,  54,  49,  48,  51,  50,  61,  60,  63,  62,  57,  56,  59,  58,
 85,  84,  87,  86,  81,  80,  83,  82,  93,  92,  95,  94,  89,  88,  91,  90,
 69,  68,  71,  70,  65,  64,  67,  66,  77,  76,  79,  78,  73,  72,  75,  74,
114, 115, 112, 113, 118, 119, 116, 117, 122, 123, 120, 121, 126, 127, 124, 125,
 98,  99,  96,  97, 102, 103, 100, 101, 106, 107, 104, 105, 110, 111, 108, 109,
255, 254, 253, 252, 250, 251, 248, 249, 245, 244, 247, 246, 240, 241, 242, 243,
235, 234, 233, 232, 238, 239, 236, 237, 225, 224, 227, 226, 228, 229, 230, 231,
211, 210, 209, 208, 214, 215, 212, 213, 217, 216, 219, 218, 220, 221, 222, 223,
199, 198, 197, 196, 194, 195, 192, 193, 205, 204, 207, 206, 200, 201, 202, 203,
182, 183, 180, 181, 179, 178, 177, 176, 188, 189, 190, 191, 185, 184, 187, 186,
163, 162, 161, 160, 166, 167, 164, 165, 169, 168, 171, 170, 172, 173, 174, 175,
153, 152, 155, 154, 156, 157, 158, 159, 147, 146, 145, 144, 150, 151, 148, 149,
140, 141, 142, 143, 137, 136, 139, 138, 134, 135, 132, 133, 131, 130, 129, 128};

